31,7
0,508
0,474
33,102
33,101
33,100
33,99
33,98
33,97
33,96
33,95
33,94
33,93
33,92
33,91
33,90
33,89
33,88
33,87
33,86
33,85
33,84
33,83
33,82
33,81
33,80
33,79
33,78
33,77
33,76
33,75
33,74
33,73
31,4
25,5
38,35
3,2
3,1
3,3
10,198
10,152
10,24
10,22
10,10
10,180
10,176
10,2
10,3
11,10
11,7
11,21
11,20
11,2
9,7
9,6
9,1
9,4
9,2
9,3
8,8
8,6
8,16
8,2
8,3
35,7
35,6
35,5
35,4
35,3
35,2
35,1
35,0
34,5
34,4
34,3
34,2
34,1
2,2
34,0
2,1
33,72
33,71
2,3
33,70
33,69
33,68
33,67
33,66
33,65
33,64
33,36
33,35
33,34
33,33
33,32
33,31
33,30
33,29
33,28
33,27
33,26
33,25
33,24
33,23
33,22
33,21
33,20
33,19
33,18
33,17
33,16
33,15
33,14
33,13
33,12
33,11
33,10
33,9
33,8
33,6
33,5
33,2
33,0
32,4
32,1
31,5
31,3
